-7.350000000000000000e+02 4.500000000000000000e+02
-6.750000000000000000e+02 4.500000000000000000e+02
-6.150000000000000000e+02 4.500000000000000000e+02
-7.650000000000000000e+02 3.900000000000000000e+02
-7.050000000000000000e+02 3.900000000000000000e+02
-6.450000000000000000e+02 3.900000000000000000e+02
-5.850000000000000000e+02 3.900000000000000000e+02
-7.350000000000000000e+02 3.300000000000000000e+02
-6.750000000000000000e+02 3.300000000000000000e+02
-6.150000000000000000e+02 3.300000000000000000e+02
